name: Clinical_Trial_env
channels:
  - conda-forge
  - defaults
dependencies:
  - brotli=1.1.0=hcfcfb64_1
  - brotli-bin=1.1.0=hcfcfb64_1
  - ca-certificates=2024.2.2=h56e8100_0
  - certifi=2024.2.2=pyhd8ed1ab_0
  - contourpy=1.2.0=py39h1f6ef14_0
  - cycler=0.12.1=pyhd8ed1ab_0
  - fonttools=4.49.0=py39ha55989b_0
  - freetype=2.12.1=hdaf720e_2
  - icu=68.2=h0e60522_0
  - importlib-resources=6.1.2=pyhd8ed1ab_0
  - importlib_resources=6.1.2=pyhd8ed1ab_0
  - intel-openmp=2024.0.0=h57928b3_49841
  - joblib=1.3.2=pyhd8ed1ab_0
  - jpeg=9e=hcfcfb64_3
  - kiwisolver=1.4.5=py39h1f6ef14_1
  - lerc=3.0=hd77b12b_0
  - libblas=3.9.0=21_win64_mkl
  - libbrotlicommon=1.1.0=hcfcfb64_1
  - libbrotlidec=1.1.0=hcfcfb64_1
  - libbrotlienc=1.1.0=hcfcfb64_1
  - libcblas=3.9.0=21_win64_mkl
  - libclang=11.1.0=default_h5c34c98_1
  - libdeflate=1.17=h2bbff1b_1
  - libhwloc=2.9.3=default_haede6df_1009
  - libiconv=1.17=hcfcfb64_2
  - liblapack=3.9.0=21_win64_mkl
  - libpng=1.6.43=h19919ed_0
  - libsqlite=3.45.1=hcfcfb64_0
  - libtiff=4.5.1=hd77b12b_0
  - libwebp-base=1.3.2=hcfcfb64_0
  - libxml2=2.12.5=hc3477c8_0
  - libzlib=1.2.13=hcfcfb64_5
  - matplotlib=3.8.3=py39hcbf5309_0
  - matplotlib-base=3.8.3=py39hf19769e_0
  - mkl=2024.0.0=h66d3029_49657
  - munkres=1.1.4=pyh9f0ad1d_0
  - numpy=1.26.4=py39hddb5d58_0
  - openjpeg=2.4.0=h4fc8c34_0
  - openssl=1.1.1w=hcfcfb64_0
  - packaging=23.2=pyhd8ed1ab_0
  - pandas=2.2.1=py39h32e6231_0
  - patsy=0.5.6=pyhd8ed1ab_0
  - pillow=10.2.0=py39h2bbff1b_0
  - pip=24.0=pyhd8ed1ab_0
  - pthreads-win32=2.9.1=hfa6e2cd_3
  - pyparsing=3.1.1=pyhd8ed1ab_0
  - pyqt=5.12.3=py39hb0d2dfa_4
  - python=3.9.18=h6244533_0
  - python-dateutil=2.8.2=pyhd8ed1ab_0
  - python-tzdata=2024.1=pyhd8ed1ab_0
  - python_abi=3.9=2_cp39
  - pytz=2024.1=pyhd8ed1ab_0
  - qt=5.12.9=h5909a2a_4
  - scikit-learn=1.4.1.post1=py39h7c199eb_0
  - scipy=1.12.0=py39hddb5d58_2
  - seaborn=0.13.2=hd8ed1ab_0
  - seaborn-base=0.13.2=pyhd8ed1ab_0
  - setuptools=69.1.1=pyhd8ed1ab_0
  - six=1.16.0=pyh6c4a22f_0
  - sqlite=3.45.1=hcfcfb64_0
  - statsmodels=0.14.1=py39hd88c2e4_0
  - tbb=2021.11.0=h91493d7_1
  - threadpoolctl=3.4.0=pyhc1e730c_0
  - tornado=6.4=py39ha55989b_0
  - tzdata=2024a=h0c530f3_0
  - ucrt=10.0.22621.0=h57928b3_0
  - unicodedata2=15.1.0=py39ha55989b_0
  - vc=14.3=hcf57466_18
  - vc14_runtime=14.38.33130=h82b7239_18
  - vs2015_runtime=14.38.33130=hcb4865c_18
  - wheel=0.42.0=pyhd8ed1ab_0
  - xz=5.4.6=h8cc25b3_0
  - zipp=3.17.0=pyhd8ed1ab_0
  - zlib=1.2.13=hcfcfb64_5
  - zstd=1.5.5=h12be248_0
  - pip:
      - pycountry==23.12.11
      - pyqt5-sip==4.19.18
      - pyqtchart==5.12
      - pyqtwebengine==5.12.1
prefix: C:\Users\tingh\anaconda3\envs\Clinical_Trial_env
