# This file may be used to create an environment using:
# $ conda create --name <env> --file <this file>
# platform: win-64
altair=5.3.0=pypi_0
attrs=23.2.0=pypi_0
blinker=1.7.0=pypi_0
bzip2=1.0.8=hcfcfb64_5
ca-certificates=2024.2.2=h56e8100_0
cachetools=5.3.3=pypi_0
certifi=2024.2.2=pypi_0
charset-normalizer=3.3.2=pypi_0
click=8.1.7=pypi_0
colorama=0.4.6=pypi_0
filelock=3.13.4=pypi_0
fsspec=2024.3.1=pypi_0
gitdb=4.0.11=pypi_0
gitpython=3.1.43=pypi_0
huggingface-hub=0.22.2=pypi_0
idna=3.7=pypi_0
jinja2=3.1.3=pypi_0
jsonschema=4.21.1=pypi_0
jsonschema-specifications=2023.12.1=pypi_0
libexpat=2.6.2=h63175ca_0
libffi=3.4.2=h8ffe710_5
libsqlite=3.45.3=hcfcfb64_0
libzlib=1.2.13=hcfcfb64_5
markdown-it-py=3.0.0=pypi_0
markupsafe=2.1.5=pypi_0
mdurl=0.1.2=pypi_0
numpy=1.26.4=pypi_0
openssl=3.2.1=hcfcfb64_1
packaging=24.0=pypi_0
pandas=2.2.2=pypi_0
pillow=10.3.0=pypi_0
pip=24.0=pyhd8ed1ab_0
plotly=5.21.0=pypi_0
protobuf=4.25.3=pypi_0
pyarrow=15.0.2=pypi_0
pydeck=0.8.1b0=pypi_0
pygments=2.17.2=pypi_0
python=3.12.3=h2628c8c_0_cpython
python-dateutil=2.9.0.post0=pypi_0
pytz=2024.1=pypi_0
pyyaml=6.0.1=pypi_0
referencing=0.34.0=pypi_0
regex=2024.4.16=pypi_0
requests=2.31.0=pypi_0
rich=13.7.1=pypi_0
rpds-py=0.18.0=pypi_0
safetensors=0.4.3=pypi_0
setuptools=69.5.1=pyhd8ed1ab_0
six=1.16.0=pypi_0
smmap=5.0.1=pypi_0
streamlit=1.33.0=pypi_0
tenacity=8.2.3=pypi_0
tk=8.6.13=h5226925_1
tokenizers=0.19.1=pypi_0
toml=0.10.2=pypi_0
toolz=0.12.1=pypi_0
tornado=6.4=pypi_0
tqdm=4.66.2=pypi_0
transformers=4.40.0=pypi_0
typing-extensions=4.11.0=pypi_0
tzdata=2024.1=pypi_0
ucrt=10.0.22621.0=h57928b3_0
urllib3=2.2.1=pypi_0
vc=14.3=hcf57466_18
vc14_runtime=14.38.33130=h82b7239_18
vs2015_runtime=14.38.33130=hcb4865c_18
watchdog=4.0.0=pypi_0
wheel=0.43.0=pyhd8ed1ab_1
xz=5.2.6=h8d14728_0
